0.0 0.0
23.8986797333 121.543395996
23.8986797333 121.543395996
23.8986797333 121.543395996
23.8986797333 121.543395996
23.8986797333 121.543395996
23.8986797333 121.543395996
23.8986797333 121.543395996
23.8986797333 121.543395996
23.8986797333 121.543395996
23.8986797333 121.543395996
23.8986797333 121.543395996
23.8986797333 121.543395996
23.8986797333 121.543395996
23.8986797333 121.543395996
23.8986797333 121.543395996
23.8986797333 121.543395996
23.8986797333 121.543395996
23.8986797333 121.543395996
23.8986797333 121.543395996
23.898683548 121.543395996
23.8986873627 121.543395996
23.8986930847 121.543395996
23.8986968994 121.543395996
23.8987007141 121.543388367
23.8987064362 121.543388367
23.8987102509 121.543388367
23.8987159729 121.543380737
23.8987197876 121.543380737
23.8987236023 121.543380737
23.8987293243 121.543373108
23.898733139 121.543373108
23.8987388611 121.543373108
23.8987445831 121.543365479
23.8987483978 121.543365479
23.8987522125 121.543365479
23.8987560272 121.543365479
23.8987579346 121.543365479
23.8987598419 121.543365479
23.8987598419 121.543365479
23.8987598419 121.543365479
23.8987598419 121.543365479
23.8987598419 121.543365479
23.8987598419 121.543357849
23.8987598419 121.543357849
23.8987636566 121.543357849
23.8987674713 121.543357849
23.898771286 121.54335022
23.8987770081 121.54335022
23.8987808228 121.54335022
23.8987827301 121.54335022
23.8987827301 121.54335022
23.8987827301 121.54335022
23.8987827301 121.54335022
23.8987827301 121.54335022
23.8987827301 121.54335022
23.8987808228 121.54334259
23.8987674713 121.543312073
23.8987674713 121.543312073
23.8987674713 121.543312073
23.8987674713 121.543312073
23.8987674713 121.543312073
23.8987674713 121.543312073
23.8987674713 121.543312073
23.8987674713 121.543312073
23.8987674713 121.543312073
23.8987674713 121.543312073
23.8987674713 121.543312073
23.8987617493 121.543312073
23.8987579346 121.543312073
23.8987541199 121.543319702
23.8987483978 121.543319702
23.8987445831 121.543319702
23.8987388611 121.543327332
23.898733139 121.543327332
23.8987293243 121.543327332
23.8987236023 121.543334961
23.8987178802 121.543334961
23.8987121582 121.54334259
23.8987083435 121.54334259
23.8987026215 121.54334259
23.8986968994 121.54335022
23.8986930847 121.54335022
23.8986873627 121.54335022
23.8986816406 121.543357849
23.8986759186 121.543357849
23.8986721039 121.543357849
23.8986663818 121.543365479
23.8986663818 121.543365479
23.8986663818 121.543365479
23.8986663818 121.543365479
23.8986663818 121.543365479
23.8986816406 121.543403625
23.8986816406 121.543403625
23.8986816406 121.543403625
